945
512.939
896
781.009
4.98494
512
775
36.9954
64.9386
320
957.336
681
355.781
654
0.365113
518.952
799
645
1024
346.359
136.317
271.905
233.996
483.002
1024
0.333976
0.400871
261.668
0.333976
1037
722.004
1024.06
896.2
147.992
805
1.50205
713.006
1041
297.496
326.494
489
563
1024.1
306.755
990
31.3339
318.666
39.6661
1024
718
400
283
17.332
1024.06
792.2
97.7154
1103
311.715
188.288
1083
150
788
831.006
1024.02
93.6355
502.288
8.4
873
164.75
0.333333
0.333333
128.667
831
1040
0.332036
1024.06
384.2
851
348.012
732
545.006
512.5
992
0.500071
512.988
1024
557.112
992.25
160.252
353.241
279.252
647.917
264.252
316.749
786
401.954
580
600.48
186.46
27.9722
465.972
1024
515
1086
256.972
784
128.97
700.033
652.069
384.65
302.099
513.5
902
0.500001
1024
313.506
490.451
82.4999
1024.01
32.45
0.875001
791
224.755
349.001
0.658894
904
609
896
448
1024.04
0.535503
768.025
317.666
174.333
147.335
113.666
912
898
696
1055
452.266
720.039
6.26644
0.53236
707
852
446.519
1024
631.965
163.532
79.5322
704.001
349.446
749.133
512.333
871
983
0.333332
949
74.6654
184.333
304.667
178.665
1024
749.134
512.189
459.059
10.9592
814
1081
525.02
164.959
1024
775.041
768
0.642205
0.370629
512.336
70.3706
512.58
412.958
610.671
860.755
1031
192.458
14.3357
492.517
768.2
1024
369.6
24.6003
616.799
224.6
656
622
60.5841
136.515
0.400204
768.2
1024
369.6
24.6003
616.799
224.6
656
622
60.5841
136.515
0.400204
13
620.125
918
0.499976
1102
384.451
0.999952
1024
512.444
512.45
960.25
48.3425
448.343
1079
504.944
525.685
677
822.001
976
1024.01
192.315
256.895
29.333
250
1024
546.667
40.333
670
67.334
886
1024
960.059
186.599
8.26964
265.52
106.25
529.998
0.2504
0.250357
3.50071
768.001
464.749
966.039
0.208571
956
0.500114
1028
50.5001
1076
909
240.5
784
184.993
120.45
64.75
0.429091
649
146.509
512.054
436.16
221.443
293.566
1024
226.493
1024
208.719
42.9436
33.9444
1107
512.944
248.943
836.009
0.943566
226.943
768.167
768.021
472.57
0.998409
587
1024
455
888
402
960
768.002
512.94
49.8002
0.665606
398
430.903
704
611
1070
960
760.219
1043.01
1024.24
768.052
482.293
424.999
79.332
4.33282
180.666
439.313
441.941
124.333
68.9992
673.003
114.313
0.266296
906
899
76.5524
8.48252
436.483
484.364
547
1034
1024.01
348.965
512.364
8.27729
208.723
640
120.259
928
121.964
268.242
0.259309
72.5166
752
0.214377
271.873
256.578
1114
172.535
249.578
742.028
845.141
512.507
512.5
0.507093
144.394
271.873
256.578
1114
172.535
249.578
742.028
845.141
512.507
512.5
0.507093
144.394
2.84127
556.19
1075
0.841269
726.238
379.238
0.841269
948
1024.02
1024.24
240.571
0.79183
1024
768.021
152.99
0.79183
418
790
0.791496
1024.03
216.36
2.59384
36.4789
702.169
512.479
64.9859
34.5775
844
894
888
640
88.507
444.282
556
514.5
1024
10.5
1094
454.87
592
56.4999
88.4939
540.787
56.375
2.87457
768.225
23.8888
8.87457
128.875
512.861
0.874566
1038
1024
1024.23
896.312
896.017
460
486.452
0.324704
174.452
0.324704
99.4519
778
38.3233
1024.1
125.671
62.3339
1094
1070
23.3333
929
64.6667
798
128.333
344.999
245.976
4.26667
327.274
1067
566.904
512.456
1024
948
346.274
70.4563
388.452
112.419
661.274
672
955
752.333
128.998
1024
354.799
840
101.996
428.941
512.799
892.333
801
1089
1072
950
1095
2.99609
480
1032
1024.06
892.2
928.333
671
214.496
336.993
768
511.012
864
198.869
451.01
1024
150.454
153.373
35.9997
794
734
799.001
24.8885
426.888
729.001
1054
1024
1024.23
0.601678
106.429
650.142
1024
20.4289
168.429
496.997
280.858
8.42886
280.427
88.4025
416.143
753
1092
18.6102
4.83333
256.61
768
896
1050
116.584
119.522
16.4069
146.5
1100
1024
327.667
1134
224.5
133
528
40.4939
74.3337
768.25
512.227
1024
0.881464
819
1097
935
384.881
450.452
680.006
1024.23
704.085
732
1024
78.75
45
120.46
0.25002
0.499621
0.250019
0.249601
39.2404
64.2083
496.686
466
10.5429
103.944
407.543
921
1.54286
250.542
800.027
187.457
112.4
45.2069
1131
21.4138
71.2069
395.207
448.345
980
84.2069
547
84.614
62.7931
4.48962
54.4826
74.4826
6.4826
554.07
512.105
784
689
112.514
1024.1
78.8811
83.368
922
108.384
48.3629
0.635246
4.99819
768.006
28.3629
884.007
0.668418
12.2723
96.25
64.25
1086
916
0.75
32.5
280.96
1098
0.249601
480.24
896.167
912
4.74836
512.748
0.74836
1079
48.7484
0.942879
5.74807
1024.01
896.156
448.479
987
1024
482.989
836
704
512.495
659
1024
204.495
944.104
585.255
368.395
324.59
364.604
558.014
610.778
584.021
926
1061
1024
668.159
304.789
128.25
1054
120.5
309.992
1089
256.25
180.5
1061
108.49
112.24
308.958
0.500046
1089
17.5
174.5
72.5
0.500046
569
135
1024.01
1024.1
896.25
356.726
1082
1101
197.883
265.246
514.065
394.693
134.246
1024
72.4463
846.126
0.54172
688.114
340.799
144.555
148.656
512.542
0.54172
136.541
768.028
236.349
321.746
216.26
731
486.25
11.25
476.5
305.75
128.25
256.25
1024
512.24
500.958
43.3474
1071
1024
532.979
18.3474
909
73.621
897
350.344
53.6316
30.2737
922
1089
640.003
278.546
530.004
0.273795
472.814
595
1024.01
0.252633
39.5476
1.79766
1063
240
594
1091
44.8017
875
785.001
1024.03
88.6844
583.231
832.001
128.5
856
0.499786
4.50124
0.999571
461.25
256.5
1024.01
704.061
923.25
758
287.601
176.335
178.337
213.335
101.335
366.67
1061
208.333
301.958
352.267
768
914
46.9844
24.9688
1071
128.998
600.333
551.059
1024.06
1024.2
48.6667
0.666664
1063
768.434
915
35.6667
0.666664
654.222
474.667
562.449
526.374
896.434
0.885714
10.9861
1073
942
450.886
1033
796
1033
991.027
1024.23
704.314
282.353
631
1085
346.333
111.667
72.3333
448.333
625.667
508.665
1024.06
512.243
28
1024
1080
4.48254
979
254.965
896.001
27.5175
314.479
896.105
0.391623
776
428.029
896
992
139.744
28.4995
133.251
320.251
192.249
720.013
416.667
256.595
1107
4.59531
900
930
10.9444
895
1040
1024.03
0.510638
5.40469
512.989
298.252
427.126
783
1100
110.503
996
129.503
512.494
1024.1
808.252
281.25
386.697
595.074
133.7
1056
512.697
831
1024
1024.02
163.881
386.303
256.082
962
778
973
704.027
523
512.082
1076
1024.08
760.422
657.6
0.499811
146.994
1024
0.999621
1082
20.4998
768.038
604
50.4939
842.063
39.4122
308.517
368.965
768.105
0.482258
559.959
595.108
164.482
266.482
683.11
832.105
290.846
235.241
512.965
0.213584
349.552
300.586
303.655
217.276
19.2069
506.104
1024.03
669.069
266.724
1079
0.361903
0.361903
1084
1062
12.3619
192.362
32.3594
1024.08
112.549
768.053
1073
1078
0.473332
1084
0.946664
1005
904
56.9692
1024.11
820.241
248.397
40.7911
1024
583
674
917
256.197
1067
1024.03
131.69
568.199
0.888021
0.888021
512.887
1015
733.002
0.888021
704.222
0.887153
0.861969
1024.23
936.315
185.241
48.4828
0.275862
0.724138
1082
115
146.517
120.241
468.701
107.501
0.482759
874.001
1024
220.5
54.4996
64.4996
119.999
81.5004
518.999
8.49385
164.563
54.3747
706.014
1024
384.552
60.4825
549.965
200.48
128.482
1024
960.007
768.07
16.3636
512.008
49.498
1056
104.498
620.012
288.996
0.497952
320.498
1024.01
224.448
512.258
34.5554
906
2.54168
0.541681
512.914
616
773
40.5415
192.528
1024
480.399
853
512.5
1103
4.5
70
839
996
96.4999
8.4939
32.45
8.375
385.75
1083
1076
720
379.5
33.5004
325.375
643
768
864.1
577.126
321.998
1074
749
283.023
29.8003
896
256.797
513.001
308.778
16.6857
192.6
256.666
0.334003
0.334003
130
1077
32.3342
496.317
330.334
512.332
864.059
817.2
31
835
98.5001
735
1075
954
58.6667
12.4999
256.494
696
111.375
208.996
737
1087
365
51.4023
406.996
608
144.335
226.332
29.3152
704.201
332.451
522.019
200.633
24.3167
1083
0.316669
256.317
1083
200.949
1024
0.580001
791
0.197575
28.4103
512.198
382.022
808
0.783904
426.022
46.9907
0.592812
0.169484
0.70886
512.709
730
450.433
1114
922
508.291
1062
692.149
876.111
307.008
880
765
1024
160.841
914
308.841
87.9844
1024
1024.02
248.921
86.5714

